size: 100, step: 1

0.4, 0.0290734, 0.0240233
0.42, 0.0316884, 0.0261766
0.44, 0.0344181, 0.0283928
0.46, 0.037262, 0.0306849
0.48, 0.0402713, 0.0330317
0.5, 0.043467, 0.0354669
0.52, 0.046784, 0.0379561
0.54, 0.050219, 0.0405164
0.56, 0.0537711, 0.0431449
0.58, 0.0574397, 0.0458149
0.6, 0.0612239, 0.0485653
0.62, 0.0651228, 0.0513472
0.64, 0.0691355, 0.0541977
0.66, 0.0732608, 0.0571154
0.68, 0.0774994, 0.0600773
0.7, 0.0818491, 0.0630853
0.72, 0.0863081, 0.0661872
0.74, 0.0908753, 0.0693087
0.76, 0.0955493, 0.0724153
0.78, 0.100329, 0.0756022
0.8, 0.105212, 0.0788669
0.82, 0.110198, 0.0821281
0.84, 0.115285, 0.0855282
0.86, 0.120471, 0.0888661
0.88, 0.125755, 0.0922442
0.9, 0.131135, 0.095778
0.92, 0.136609, 0.0992138
0.94, 0.142176, 0.102727
0.96, 0.147832, 0.106312
0.98, 0.153577, 0.109818
1, 0.159409, 0.113401
1.02, 0.165325, 0.117094
1.04, 0.171323, 0.120841
1.06, 0.177401, 0.124429
1.08, 0.183557, 0.128194
1.1, 0.189789, 0.131841
1.12, 0.196093, 0.135763
1.14, 0.202469, 0.139547
1.16, 0.208913, 0.143315
1.18, 0.215423, 0.14729
1.2, 0.221997, 0.150936
1.22, 0.228631, 0.154947
1.24, 0.235324, 0.158815
1.26, 0.242073, 0.162669
1.28, 0.248875, 0.16653
