size: 70, step: 1

0.4, 0.0306926, 0.0249887
0.42, 0.0333172, 0.0271697
0.44, 0.0360526, 0.0294196
0.46, 0.0388984, 0.0317508
0.48, 0.0419247, 0.0341305
0.5, 0.0451639, 0.0365716
0.52, 0.0485256, 0.0390962
0.54, 0.052004, 0.0416994
0.56, 0.0555983, 0.0443598
0.58, 0.0593077, 0.0470465
0.6, 0.0631315, 0.0498095
0.62, 0.0670686, 0.0526439
0.64, 0.0711182, 0.0555097
0.66, 0.0752792, 0.0584371
0.68, 0.0795537, 0.0614339
0.7, 0.0839387, 0.0644633
0.72, 0.0884319, 0.067583
0.74, 0.0930319, 0.0707039
0.76, 0.0977375, 0.0738791
0.78, 0.102547, 0.077106
0.8, 0.10746, 0.0803527
0.82, 0.112474, 0.0836827
0.84, 0.117588, 0.0870312
0.86, 0.122799, 0.0904345
0.88, 0.128108, 0.0938431
0.9, 0.133511, 0.0973156
0.92, 0.139007, 0.100857
0.94, 0.144594, 0.104365
0.96, 0.15027, 0.107994
0.98, 0.156034, 0.111542
1, 0.161882, 0.115107
1.02, 0.167814, 0.118738
1.04, 0.173827, 0.12241
1.06, 0.179919, 0.12604
1.08, 0.186088, 0.129814
1.1, 0.192331, 0.133525
1.12, 0.198646, 0.137385
1.14, 0.205031, 0.141357
1.16, 0.211483, 0.145012
1.18, 0.218, 0.148725
1.2, 0.22458, 0.152766
1.22, 0.23122, 0.156704
1.24, 0.237917, 0.160568
1.26, 0.244668, 0.164546
1.28, 0.251472, 0.168289
