size: 90, step: 1

0.4, 0.0294904, 0.0242709
0.42, 0.0321079, 0.0264253
0.44, 0.034839, 0.0286495
0.46, 0.0376834, 0.0309554
0.48, 0.0406972, 0.0333205
0.5, 0.0439044, 0.035748
0.52, 0.0472331, 0.0382505
0.54, 0.0506794, 0.0408251
0.56, 0.0542427, 0.043447
0.58, 0.057922, 0.0461469
0.6, 0.0617165, 0.0488843
0.62, 0.0656255, 0.0517029
0.64, 0.0696478, 0.0545376
0.66, 0.0737825, 0.0574725
0.68, 0.0780304, 0.0604018
0.7, 0.0823893, 0.0634235
0.72, 0.0868573, 0.0665097
0.74, 0.091433, 0.0696155
0.76, 0.0961153, 0.0727956
0.78, 0.100903, 0.0760473
0.8, 0.105794, 0.0793074
0.82, 0.110787, 0.0825731
0.84, 0.115881, 0.0858411
0.86, 0.121074, 0.089266
0.88, 0.126364, 0.092676
0.9, 0.13175, 0.0961749
0.92, 0.13723, 0.0996462
0.94, 0.142801, 0.10315
0.96, 0.148463, 0.106701
0.98, 0.154213, 0.110182
1, 0.160049, 0.113883
1.02, 0.165969, 0.117446
1.04, 0.171971, 0.121139
1.06, 0.178053, 0.125018
1.08, 0.184212, 0.128692
1.1, 0.190447, 0.132303
1.12, 0.196754, 0.136125
1.14, 0.203132, 0.13988
1.16, 0.209579, 0.143654
1.18, 0.216091, 0.147584
1.2, 0.222666, 0.151551
1.22, 0.229302, 0.155348
1.24, 0.235996, 0.15911
1.26, 0.242745, 0.16322
1.28, 0.249548, 0.167132
