size: 50, step: 1

0.4, 0.0328959, 0.0263199
0.42, 0.0355337, 0.0285413
0.44, 0.0382773, 0.0308367
0.46, 0.0411264, 0.0331911
0.48, 0.0441733, 0.035634
0.5, 0.047467, 0.0381319
0.52, 0.0508866, 0.0406886
0.54, 0.0544211, 0.043323
0.56, 0.0580698, 0.0460031
0.58, 0.0618318, 0.0487457
0.6, 0.0657064, 0.0515503
0.62, 0.0696926, 0.0543981
0.64, 0.0737895, 0.0573175
0.66, 0.0779961, 0.0602624
0.68, 0.0823176, 0.0632845
0.7, 0.086749, 0.0663608
0.72, 0.0912869, 0.0694468
0.74, 0.0959301, 0.0726667
0.76, 0.100677, 0.075815
0.78, 0.105527, 0.0791327
0.8, 0.110478, 0.0824004
0.82, 0.115528, 0.0856957
0.84, 0.120677, 0.089105
0.86, 0.125922, 0.0925218
0.88, 0.131263, 0.0959652
0.9, 0.136696, 0.0994383
0.92, 0.14222, 0.102985
0.94, 0.147835, 0.10663
0.96, 0.153536, 0.110077
0.98, 0.159324, 0.113705
1, 0.165195, 0.117368
1.02, 0.171148, 0.12101
1.04, 0.17718, 0.124726
1.06, 0.18329, 0.128422
1.08, 0.189475, 0.132095
1.1, 0.195733, 0.13588
1.12, 0.202062, 0.139763
1.14, 0.208458, 0.143597
1.16, 0.214921, 0.147447
1.18, 0.221447, 0.151259
1.2, 0.228035, 0.155213
1.22, 0.23468, 0.159062
1.24, 0.241382, 0.163134
1.26, 0.248138, 0.167013
1.28, 0.254944, 0.17061
