size: 60, step: 1

0.4, 0.0316045, 0.0255372
0.42, 0.0342345, 0.0277356
0.44, 0.0369732, 0.0300074
0.46, 0.0398204, 0.0323469
0.48, 0.0428555, 0.0347422
0.5, 0.0461178, 0.0372311
0.52, 0.0495039, 0.0397675
0.54, 0.053006, 0.0423685
0.56, 0.0566232, 0.0450211
0.58, 0.0603548, 0.0477543
0.6, 0.0642, 0.0505653
0.62, 0.0681578, 0.0533802
0.64, 0.0722274, 0.0562499
0.66, 0.0764076, 0.0592087
0.68, 0.0807019, 0.0622107
0.7, 0.0851063, 0.0652682
0.72, 0.0896182, 0.0683513
0.74, 0.0942363, 0.0714854
0.76, 0.0989593, 0.0746985
0.78, 0.103786, 0.077937
0.8, 0.108715, 0.0812049
0.82, 0.113744, 0.0845849
0.84, 0.118872, 0.0878833
0.86, 0.124098, 0.0913036
0.88, 0.12942, 0.0946976
0.9, 0.134835, 0.0981156
0.92, 0.140343, 0.101681
0.94, 0.145942, 0.105249
0.96, 0.151629, 0.108838
0.98, 0.157402, 0.112384
1, 0.163261, 0.116129
1.02, 0.169201, 0.11965
1.04, 0.175223, 0.123281
1.06, 0.181322, 0.127101
1.08, 0.187498, 0.130957
1.1, 0.193747, 0.134636
1.12, 0.200068, 0.138305
1.14, 0.206457, 0.142127
1.16, 0.212914, 0.146019
1.18, 0.219435, 0.149968
1.2, 0.226018, 0.153648
1.22, 0.23266, 0.157724
1.24, 0.239359, 0.161532
1.26, 0.246113, 0.165524
1.28, 0.252918, 0.169302
