size: 80, step: 1

0.4, 0.0300145, 0.024583
0.42, 0.0326351, 0.0267525
0.44, 0.035368, 0.0289826
0.46, 0.038213, 0.0312973
0.48, 0.0412324, 0.033669
0.5, 0.0444537, 0.0361186
0.52, 0.0477969, 0.0386211
0.54, 0.0512573, 0.0412033
0.56, 0.0548342, 0.0438348
0.58, 0.0585268, 0.046524
0.6, 0.0623342, 0.0492864
0.62, 0.0662555, 0.0521074
0.64, 0.0702899, 0.0549865
0.66, 0.0744362, 0.0578717
0.68, 0.0786958, 0.060879
0.7, 0.0830661, 0.0638656
0.72, 0.0875451, 0.0669446
0.74, 0.0921315, 0.0701106
0.76, 0.096824, 0.0732687
0.78, 0.101621, 0.0765274
0.8, 0.106522, 0.0797617
0.82, 0.111524, 0.0830538
0.84, 0.116627, 0.0863785
0.86, 0.121828, 0.0897271
0.88, 0.127126, 0.0931697
0.9, 0.13252, 0.0966175
0.92, 0.138006, 0.10018
0.94, 0.143585, 0.103669
0.96, 0.149253, 0.107286
0.98, 0.155009, 0.110758
1, 0.160851, 0.11443
1.02, 0.166776, 0.11802
1.04, 0.172783, 0.121761
1.06, 0.178869, 0.125411
1.08, 0.185032, 0.129233
1.1, 0.191271, 0.133016
1.12, 0.197582, 0.136808
1.14, 0.203963, 0.140473
1.16, 0.210411, 0.144247
1.18, 0.216926, 0.148343
1.2, 0.223503, 0.152172
1.22, 0.23014, 0.155918
1.24, 0.236836, 0.159801
1.26, 0.243586, 0.163874
1.28, 0.25039, 0.167783
